500 3448 12
1486.51 3285.79 3808.72 1902.13 1404.74 1916.75 2872.61 2293.89 1688.23 3932.16 1098.54 3435.28 3927.28 2511.36 1506.36 1256.8 1864.13 3074.3 3619.95 2823.98 3041.09 1201.84 2548.6 3056.28 2387.23 1534.82 1238.19 2716.15 3904.19 3116.98 3519.16 3928.74 3092.9 2574.05 2703.12 2528.06 1682.34 3849.83 1443.39 1206.78 1634.62 2462.81 3956.44 2839.71 1449.4 3170.48 1560.31 1775.85 2460.85 1217.41 1632.3 1117.75 2138.17 2352.76 2648.84 3692.53 1424.18 1557.41 2661.49 3350.98 1630.61 1793.12 1602.12 1260.84 2726.75 2453.29 2248.49 1237.62 2004.96 3979.42 2568.57 2837.28 1390.63 1939.05 1587.22 2465.24 2677.75 1291.39 2326.92 2842.32 1623.19 1463.37 3072.66 1082.38 3454.86 2342.71 1819.23 2756.32 1489.26 1309.04 2788.9 1622.64 1210.52 2298.81 1774.91 1849.47 2159.55 1425.47 1585.02 3659.16 2133.77 3579.84 3617.03 3936.07 1354.07 2716.17 1533.38 1675.88 2192.2 3243.48 3596.47 3133.66 1214.65 3468.11 2711.75 2275.58 2629.73 1725.49 1027.57 3812.78 1018.02 1130.17 1349.27 1137.54 2874.38 3096.72 3239.13 2149.13 3039.22 1545.94 1710.22 1219.11 3802.94 3254.62 1185.14 1942.48 3555.09 3745.94 1211.4 1416.23 3146.14 1550.31 3965.95 2836.34 1353.3 3996.1 3255.31 1786.89 2133.02 1474.63 3138.05 2174.92 3065.41 2358.65 3263.35 1386.54 2896.8 2639.05 3717.33 2624.6 3673.3 2072.72 2818.16 3878.1 1299.67 1772.37 2686.43 3458.25 2643.3 3366.37 1616.14 3675.12 2129.87 2130.57 2949.73 1777.74 2647.41 1855.24 3994.7 2532.29 3483.16 2671.04 3624.19 1869.83 1378.82 3701.21 3394.08 2503.4 1791.82 3135.96 3779.57 2414.83 1527.28 3567.73 1789.34 2271.48 3262.66 3813.83 1260.79 1427.58 2630.35 3226.39 1906.81 2197.92 2266.51 3447.8 3661.7 3551.69 2314.75 1464.45 1678.46 1079.47 1983.94 1098.93 2295.3 1034.23 1814.62 3004.8 1108.9 3345 3735.01 3174.63 1149 3125.18 2800.88 2221.77 1766.05 1412.26 1563.41 2543.8 3459.06 3109.75 2224.41 1044.51 1646.96 2444.33 1549.01 2527.46 3889.89 2475.69 1882.03 3006.59 2623.71 1615.65 1135.76 2765.91 3646.44 1128.57 2369.25 3210.67 1644.4 2045.83 2005.39 1127.82 2117.59 2755.96 1276.57 3675.33 2831.97 2520.35 1884.3 1945.82 3710.31 2885.23 3702.58 2472.38 2612.73 1492.07 2291.62 3586.67 2269.53 2707.57 3482.76 1506.93 2108.78 3844.34 3129.64 3584.18 2394.46 1952.02 1228.49 1299.44 1128.64 1429.48 3970.17 1671.39 2699.67 1328.84 1473.15 1693.98 1870.16 3648.61 3118.48 1607.09 3844.25 3113.73 2284.83 2603.95 1363.43 2154.06 3874.47 2040.95 3791.9 1640.77 3412.45 2888.06 3166.17 2595.86 3126.48 1086.41 1709.59 2058.48 3075.9 1312.37 1005.93 2327.4 2677.63 2287.28 2530.94 3936.88 3287.14 3039.23 3443.1 3378.68 2644 1783.23 2343.37 2748.36 1943.1 2435.72 2091.25 3117.25 1083.43 3101.66 2045.03 1601.35 1924.76 3851.35 3421.61 1866.81 2485.85 3931.8 3795.12 3538.03 3549.73 1051.24 2932.39 2015.05 1671.17 3336.51 1477.44 2914.89 1672.39 3301.4 3809.77 1393.46 2886.6 2080.56 2948.33 3118.95 1491.57 1408.29 1466.52 2426.15 1431.1 2607.76 1390 1049.89 1950.57 2779.36 1959.78 2388.52 3435.23 1267.14 1662.79 3748.45 1355.14 2578.09 2172.63 1372.4 2919.06 2228.72 3307.74 1330.2 3694.36 2291.68 1211.67 2671.87 1396.93 2200.75 1835.71 2331.86 3018.61 3630.59 3398.7 3174.82 3309.24 3894.2 1531.91 1514.09 3503.35 1847.07 2976.82 1383.6 2691.64 3630.82 2670.1 2805.46 1677.38 3114.87 2417.27 3888.54 3263.29 3358.3 1392.76 3885.22 1091.36 1710.07 3676.2 2684.79 2784.68 3720.21 2575.65 3239.36 1858.05 2290.56 1738.09 3833.42 1798.93 3462.27 1418.78 1352.34 1653.51 2443.3 1781.91 1743.68 1668.18 3224.13 3022.93 3847.5 3935.44 2655.1 1422.28 2339.6 1646.21 1395.17 3296.56 1520.15 1234 1178.15 3826.63 1126.59 3807.84 2520.29 2629.54 3793.87 2855.79 1600.47 3358.29 1076.05 2325.02 1929.54 3814.41 2115.16 3413.28 1348.83 3740.86 2386.48 2874.27 3023.72 3038.08 2371.76 3064.67 2684.98 2663.61 1915.81 2574.11 2914.77 2024.59 3846.49 3794.37 2463.99 2599.74 3688.19 2572.99 1123.98 2150.99 1583.29 1833.68 2844.41 2781.24 2444.67 1897.32 1677.06 1228.62 2547.66 1095.88 1004.51 3661.06 2452.86
0 4
0 8
0 23
0 155
0 157
0 161
0 165
0 257
0 300
0 324
0 328
0 338
0 365
0 366
0 397
0 426
0 458
0 479
0 492
1 15
1 36
1 150
1 185
1 213
1 251
1 296
1 337
1 345
1 466
1 496
2 14
2 25
2 102
2 109
2 144
2 158
2 171
2 190
2 204
2 240
2 242
2 310
2 314
2 370
2 456
2 475
3 56
3 97
3 120
3 299
3 355
3 380
3 434
3 464
3 465
3 484
3 499
4 23
4 84
4 134
4 155
4 157
4 161
4 165
4 253
4 324
4 328
4 365
4 366
4 397
4 409
4 426
4 479
4 492
5 17
5 34
5 126
5 135
5 163
5 164
5 180
5 222
5 226
5 360
5 399
6 8
6 23
6 159
6 238
6 298
6 300
6 321
6 324
6 328
6 338
6 365
6 393
6 431
6 479
7 38
7 54
7 91
7 150
7 213
7 218
7 230
7 290
7 296
7 307
7 436
7 466
8 23
8 49
8 159
8 188
8 238
8 300
8 321
8 324
8 328
8 338
8 365
8 393
8 396
8 431
8 479
9 10
9 56
9 69
9 86
9 147
9 178
9 304
9 327
9 329
9 348
9 434
9 455
9 470
10 69
10 86
10 128
10 147
10 178
10 192
10 249
10 329
10 348
10 410
10 470
10 497
11 42
11 64
11 90
11 184
11 194
11 233
11 313
11 331
11 334
11 471
12 24
12 32
12 216
12 224
12 283
12 320
12 325
12 326
12 349
12 401
12 452
13 74
13 123
13 124
13 141
13 142
13 202
13 260
13 279
13 301
13 316
13 353
13 387
13 405
13 416
13 446
13 447
14 45
14 83
14 109
14 127
14 144
14 171
14 204
14 242
14 262
14 286
14 370
14 400
14 418
14 475
15 73
15 76
15 150
15 185
15 213
15 251
15 296
15 337
15 345
15 466
15 496
16 35
16 39
16 77
16 89
16 100
16 117
16 143
16 255
16 284
16 297
16 316
16 341
16 388
16 402
16 440
16 442
16 449
16 450
16 457
17 34
17 135
17 139
17 163
17 164
17 180
17 222
17 226
18 39
18 72
18 77
18 89
18 100
18 111
18 117
18 214
18 236
18 237
18 256
18 276
18 297
18 341
18 343
18 388
18 402
18 415
18 432
18 440
18 442
18 451
18 457
19 22
19 110
19 155
19 161
19 186
19 206
19 247
19 253
19 368
19 376
19 397
19 420
19 426
19 472
19 492
20 87
20 154
20 209
20 220
20 252
20 256
20 268
20 293
20 340
20 388
20 457
21 44
21 52
21 131
21 196
21 200
21 248
21 261
21 319
21 403
21 483
22 54
22 67
22 110
22 161
22 186
22 206
22 247
22 253
22 368
22 376
22 385
22 420
22 426
22 472
22 492
23 134
23 155
23 157
23 161
23 165
23 257
23 300
23 324
23 328
23 338
23 365
23 366
23 397
23 426
23 458
23 479
23 492
24 25
24 32
24 216
24 224
24 298
24 310
24 314
24 320
24 325
24 433
24 452
25 102
25 158
25 190
25 204
25 216
25 298
25 310
25 314
25 320
25 433
25 456
26 58
26 76
26 79
26 88
26 105
26 162
26 175
26 177
26 203
26 212
26 269
26 323
26 357
26 359
26 453
26 496
27 65
27 107
27 133
27 168
27 199
27 205
27 241
27 246
27 289
27 292
27 389
27 419
27 427
27 429
27 487
28 63
28 71
28 93
28 114
28 153
28 217
28 229
28 231
28 243
28 315
28 372
28 412
28 424
28 468
28 482
29 46
29 67
29 206
29 385
29 461
29 467
29 469
29 472
29 473
30 115
30 134
30 238
30 282
30 315
30 342
30 409
30 424
30 441
30 480
31 65
31 172
31 210
31 234
31 274
31 291
31 292
31 311
31 322
31 350
31 358
31 435
31 439
31 445
31 478
32 224
32 320
32 325
32 349
32 391
32 401
32 411
32 452
33 145
33 215
33 241
33 245
33 288
33 289
33 295
33 361
33 378
33 437
33 488
34 126
34 135
34 163
34 164
34 180
34 222
34 399
35 47
35 57
35 101
35 106
35 117
35 143
35 148
35 170
35 179
35 207
35 255
35 267
35 284
35 341
35 347
35 449
36 38
36 95
36 150
36 173
36 197
36 213
36 251
36 296
36 305
36 307
36 331
36 345
36 373
36 471
37 116
37 126
37 135
37 176
37 191
37 223
37 244
37 264
37 360
37 399
38 91
38 95
38 150
38 173
38 213
38 218
38 290
38 296
38 307
38 331
38 466
38 471
39 48
39 77
39 89
39 100
39 101
39 111
39 117
39 132
39 148
39 179
39 183
39 276
39 297
39 341
39 347
39 415
39 440
39 451
40 221
40 306
40 308
40 354
40 392
40 422
41 60
41 75
41 80
41 182
41 243
41 259
41 272
41 295
41 362
41 364
41 377
41 378
41 406
41 460
41 493
41 495
42 52
42 90
42 96
42 129
42 189
42 193
42 196
42 248
42 313
42 334
42 430
43 98
43 145
43 162
43 166
43 177
43 195
43 215
43 217
43 273
43 346
43 371
43 459
43 485
43 486
44 104
44 131
44 403
44 477
45 61
45 127
45 144
45 171
45 262
45 286
45 381
45 386
45 398
45 400
45 418
45 423
45 475
46 66
46 67
46 303
46 332
46 385
46 461
46 467
46 469
46 472
46 473
47 57
47 106
47 123
47 143
47 152
47 170
47 192
47 207
47 267
47 278
47 284
47 333
47 410
47 449
48 68
48 77
48 94
48 101
48 103
48 117
48 132
48 138
48 148
48 179
48 183
48 219
48 263
48 276
48 297
48 341
48 347
48 440
49 62
49 188
49 191
49 226
49 227
49 232
49 244
49 283
49 300
49 321
49 338
49 393
49 394
49 396
49 431
49 458
49 479
50 156
50 169
50 239
50 252
50 258
50 375
50 390
50 395
50 429
50 474
50 476
50 491
51 80
51 81
51 83
51 113
51 119
51 121
51 127
51 144
51 151
51 182
51 262
51 270
51 274
51 352
51 370
51 386
51 418
51 460
52 90
52 129
52 193
52 196
52 248
52 280
52 313
52 374
52 379
52 403
53 55
53 136
53 174
53 264
53 271
53 285
53 309
54 91
54 150
54 186
54 206
54 218
54 230
54 247
54 368
54 376
54 436
54 448
54 466
55 136
55 174
55 223
55 264
55 271
55 285
55 309
55 360
55 399
56 86
56 97
56 112
56 120
56 147
56 299
56 327
56 339
56 434
56 464
56 465
56 484
57 101
57 106
57 170
57 207
57 267
57 278
58 79
58 88
58 98
58 105
58 162
58 177
58 203
58 212
58 323
58 357
58 359
58 371
58 453
58 459
59 108
59 266
59 303
59 413
60 65
60 70
60 80
60 81
60 119
60 121
60 182
60 210
60 246
60 259
60 272
60 274
60 322
60 356
60 364
60 435
60 460
61 113
61 127
61 130
61 151
61 181
61 262
61 270
61 367
61 381
61 386
61 398
61 414
61 423
61 494
62 139
62 180
62 188
62 191
62 222
62 226
62 227
62 232
62 244
62 283
62 326
62 393
62 394
62 396
62 431
63 71
63 153
63 158
63 229
63 231
63 315
63 342
63 372
63 412
63 424
63 456
63 480
64 95
64 184
64 194
64 201
64 233
64 331
64 334
64 363
64 471
65 70
65 107
65 168
65 172
65 199
65 210
65 246
65 292
65 322
65 356
65 358
65 389
65 435
65 439
65 445
66 67
66 108
66 303
66 332
66 385
66 461
66 469
66 472
67 85
67 110
67 247
67 303
67 332
67 385
67 461
67 469
67 472
68 79
68 82
68 94
68 98
68 99
68 103
68 132
68 137
68 138
68 148
68 162
68 177
68 212
68 219
68 235
68 254
68 263
68 294
68 347
68 359
68 408
68 459
69 86
69 128
69 147
69 178
69 192
69 207
69 249
69 278
69 329
69 348
69 410
69 470
69 497
70 81
70 119
70 121
70 182
70 210
70 259
70 272
70 274
70 322
70 352
70 356
70 364
70 435
70 460
71 229
71 243
71 362
71 370
71 372
71 377
71 493
71 495
72 111
72 156
72 214
72 236
72 237
72 256
72 343
72 388
72 390
72 415
72 432
72 474
72 476
73 76
73 84
73 88
73 115
73 122
73 185
73 203
73 277
73 282
73 323
73 337
73 357
73 409
73 453
73 496
74 123
74 124
74 141
74 142
74 202
74 260
74 316
74 353
74 387
74 405
74 446
75 80
75 243
75 259
75 272
75 295
75 362
75 364
75 377
75 378
75 406
75 460
75 493
75 495
76 88
76 105
76 115
76 122
76 185
76 203
76 282
76 323
76 337
76 357
76 453
76 496
77 89
77 100
77 111
77 117
77 132
77 179
77 183
77 236
77 276
77 297
77 341
77 343
77 347
77 402
77 415
77 432
77 440
77 442
77 451
78 92
78 96
78 125
78 129
78 146
78 189
78 201
78 233
78 287
78 313
78 334
78 369
78 430
79 82
79 99
79 105
79 137
79 162
79 175
79 177
79 198
79 212
79 235
79 254
79 269
79 294
79 359
79 408
80 83
80 119
80 121
80 144
80 182
80 243
80 259
80 270
80 272
80 364
80 370
80 377
80 460
80 493
81 113
81 119
81 121
81 151
81 182
81 210
81 270
81 274
81 322
81 352
81 367
81 386
81 414
81 435
81 439
81 460
82 94
82 99
82 103
82 137
82 138
82 162
82 177
82 198
82 212
82 235
82 254
82 263
82 269
82 294
82 359
82 408
82 443
82 459
83 113
83 119
83 127
83 144
83 151
83 182
83 262
83 270
83 352
83 370
83 386
83 418
83 475
84 122
84 134
84 157
84 165
84 185
84 253
84 277
84 282
84 337
84 365
84 397
84 409
85 110
85 155
85 257
85 332
85 344
85 366
85 385
85 472
85 492
86 112
86 147
86 178
86 304
86 327
86 329
86 348
86 407
86 417
86 434
86 455
86 463
87 154
87 209
87 220
87 252
87 256
87 268
87 293
87 340
87 388
87 457
88 105
88 115
88 122
88 185
88 203
88 282
88 323
88 337
88 357
88 453
88 496
89 100
89 111
89 236
89 237
89 255
89 256
89 276
89 284
89 293
89 297
89 341
89 343
89 388
89 402
89 415
89 432
89 440
89 442
89 449
89 450
89 457
90 96
90 129
90 189
90 193
90 248
90 313
90 334
90 430
91 150
91 186
91 213
91 218
91 230
91 296
91 368
91 376
91 436
91 466
92 96
92 104
92 125
92 129
92 146
92 189
92 201
92 233
92 287
92 313
92 334
92 369
92 430
93 114
93 115
93 118
93 217
93 229
93 231
93 315
93 371
93 424
93 441
93 453
93 468
93 480
93 482
94 98
94 99
94 103
94 132
94 137
94 138
94 148
94 162
94 177
94 183
94 212
94 219
94 263
94 335
94 346
94 347
94 359
94 408
94 459
95 173
95 184
95 194
95 197
95 290
95 305
95 307
95 331
95 363
95 373
95 462
95 471
96 129
96 146
96 189
96 248
96 313
96 334
96 430
97 120
97 198
97 211
97 299
97 355
97 380
97 434
97 464
97 465
98 99
98 103
98 132
98 138
98 162
98 177
98 195
98 212
98 219
98 263
98 273
98 346
98 359
98 371
98 459
98 485
99 103
99 137
99 138
99 162
99 177
99 198
99 212
99 235
99 254
99 263
99 269
99 294
99 359
99 408
99 443
99 459
100 111
100 117
100 143
100 236
100 255
100 276
100 284
100 297
100 341
100 343
100 388
100 402
100 415
100 432
100 440
100 442
100 449
100 450
100 457
101 103
101 106
101 117
101 148
101 170
101 179
101 347
101 443
102 109
102 158
102 171
102 190
102 204
102 242
102 310
102 314
102 433
102 456
103 132
103 137
103 138
103 148
103 162
103 177
103 179
103 198
103 212
103 219
103 235
103 254
103 263
103 294
103 347
103 359
103 408
103 443
103 459
104 369
104 477
105 162
105 175
105 203
105 212
105 251
105 269
105 323
105 357
105 496
106 148
106 152
106 170
106 179
106 207
106 267
106 284
107 133
107 168
107 199
107 205
107 292
107 389
107 445
107 487
108 266
108 303
108 332
108 413
109 171
109 190
109 204
109 240
109 242
109 286
109 310
109 314
109 391
109 400
109 411
109 475
110 155
110 161
110 186
110 206
110 247
110 368
110 376
110 385
110 420
110 426
110 472
110 492
111 117
111 183
111 214
111 236
111 237
111 245
111 276
111 297
111 341
111 343
111 415
111 432
111 440
111 451
112 120
112 140
112 160
112 302
112 304
112 312
112 327
112 339
112 407
112 417
112 438
112 444
112 455
112 463
113 119
113 121
113 127
113 151
113 182
113 262
113 270
113 274
113 352
113 367
113 386
113 398
113 414
113 418
113 423
113 494
114 115
114 118
114 217
114 229
114 231
114 315
114 371
114 424
114 441
114 453
114 468
114 482
115 118
115 134
115 231
115 282
115 315
115 323
115 342
115 357
115 409
115 424
115 441
115 453
115 480
116 126
116 176
116 223
116 264
116 266
116 360
116 399
116 413
117 132
117 148
117 179
117 183
117 276
117 297
117 341
117 347
117 415
117 440
118 217
118 231
118 315
118 323
118 342
118 357
118 371
118 424
118 441
118 453
118 468
118 480
118 482
119 121
119 127
119 151
119 182
119 262
119 270
119 272
119 274
119 352
119 364
119 386
119 460
120 149
120 160
120 302
120 327
120 339
120 434
120 438
120 464
120 465
120 484
120 499
121 151
121 182
121 210
121 270
121 272
121 274
121 322
121 352
121 356
121 364
121 435
121 439
121 460
122 134
122 165
122 185
122 253
122 277
122 282
122 323
122 337
122 357
122 409
123 141
123 142
123 143
123 152
123 192
123 202
123 278
123 316
123 333
123 353
123 387
123 410
123 416
123 449
124 141
124 142
124 202
124 260
124 279
124 353
124 387
124 405
124 446
125 146
125 149
125 160
125 201
125 208
125 233
125 287
125 302
125 336
125 369
125 484
125 499
126 135
126 163
126 164
126 180
126 223
126 264
126 309
126 360
126 399
127 144
127 151
127 262
127 270
127 286
127 352
127 381
127 386
127 398
127 400
127 418
127 423
127 475
128 178
128 249
128 329
128 348
128 470
128 497
129 189
129 196
129 248
129 313
129 334
129 430
130 151
130 181
130 234
130 265
130 317
130 352
130 367
130 414
130 490
130 494
131 261
131 403
132 138
132 148
132 179
132 183
132 219
132 263
132 276
132 335
132 346
132 347
132 359
132 459
133 168
133 199
133 205
133 239
133 292
133 389
133 395
133 419
133 427
133 429
133 487
133 491
134 157
134 165
134 238
134 277
134 282
134 324
134 328
134 342
134 365
134 409
135 163
135 164
135 180
135 191
135 222
135 226
135 227
135 244
135 360
135 399
136 174
136 264
136 266
136 271
136 285
136 309
137 138
137 162
137 177
137 198
137 212
137 235
137 254
137 263
137 269
137 294
137 359
137 380
137 408
137 443
138 148
138 162
138 177
138 183
138 195
138 212
138 219
138 263
138 335
138 346
138 347
138 359
138 459
139 180
139 188
139 222
139 226
139 227
139 283
139 326
139 396
140 160
140 287
140 302
140 312
140 330
140 369
140 438
140 444
140 481
141 142
141 202
141 260
141 279
141 301
141 316
141 353
141 387
141 405
141 416
141 446
141 447
142 143
142 152
142 202
142 255
142 260
142 284
142 316
142 333
142 353
142 387
142 405
142 416
142 446
142 449
142 450
143 152
143 170
143 255
143 267
143 284
143 316
143 341
143 402
143 442
143 449
143 450
144 171
144 204
144 242
144 262
144 286
144 370
144 386
144 400
144 418
144 475
145 166
145 195
145 215
145 273
145 295
145 335
145 346
145 378
145 485
145 486
145 495
146 201
146 208
146 287
146 369
147 178
147 304
147 327
147 329
147 348
147 407
147 417
147 434
147 455
147 463
147 470
148 170
148 179
148 263
148 347
148 443
149 160
149 201
149 208
149 287
149 302
149 336
149 339
149 438
149 464
149 484
149 499
150 173
150 213
150 218
150 296
150 307
150 345
150 466
151 262
151 270
151 274
151 352
151 367
151 386
151 414
151 418
151 423
151 494
152 170
152 192
152 202
152 207
152 255
152 267
152 278
152 284
152 316
152 333
152 387
152 410
152 416
152 449
152 450
153 159
153 231
153 315
153 342
153 372
153 412
153 424
153 456
153 480
154 209
154 220
154 252
154 268
154 293
154 340
154 457
155 157
155 161
155 257
155 332
155 344
155 366
155 397
155 420
155 426
155 458
155 492
156 169
156 214
156 236
156 237
156 239
156 256
156 258
156 288
156 375
156 390
156 429
156 432
156 474
156 476
156 491
157 161
157 165
157 253
157 324
157 328
157 365
157 366
157 397
157 409
157 426
157 479
157 492
158 190
158 204
158 242
158 310
158 372
158 412
158 433
158 456
159 238
159 298
159 342
159 372
159 412
159 433
159 480
160 208
160 287
160 302
160 336
160 339
160 438
160 484
160 499
161 186
161 247
161 253
161 368
161 376
161 397
161 420
161 426
161 492
162 177
162 195
162 212
162 219
162 263
162 273
162 359
162 371
162 408
162 459
163 164
163 180
163 223
163 309
163 360
163 399
164 180
164 222
164 360
164 399
165 253
165 277
165 282
165 324
165 337
165 365
165 397
165 409
166 195
166 215
166 217
166 229
166 273
166 295
166 362
166 378
166 468
166 482
166 485
166 486
166 495
167 228
167 250
167 306
167 308
167 354
167 374
167 384
167 404
167 421
167 422
167 425
168 199
168 205
168 246
168 292
168 389
168 419
168 427
168 445
168 487
169 239
169 252
169 258
169 375
169 390
169 395
169 474
169 476
169 491
170 179
170 207
170 267
170 284
170 449
171 190
171 204
171 240
171 242
171 286
171 314
171 370
171 400
171 418
171 475
172 210
172 291
172 292
172 311
172 358
172 389
172 435
172 439
172 445
173 184
173 194
173 197
173 213
173 305
173 307
173 331
173 345
173 363
173 373
173 462
173 471
174 223
174 264
174 266
174 271
174 285
174 309
174 413
175 198
175 211
175 212
175 235
175 251
175 254
175 269
175 294
175 305
175 355
175 373
175 408
175 496
176 223
176 264
176 266
176 360
176 413
177 195
177 212
177 219
177 263
177 273
177 359
177 371
177 408
177 459
177 485
178 249
178 304
178 329
178 348
178 470
178 497
179 276
179 297
179 341
179 347
179 440
179 443
180 191
180 222
180 226
180 227
180 232
180 244
180 394
180 399
181 234
181 265
181 317
181 367
181 414
181 490
181 494
182 259
182 270
182 272
182 274
182 322
182 352
182 364
182 370
182 377
182 460
182 493
183 219
183 245
183 276
183 297
183 335
183 346
183 347
183 415
183 451
184 194
184 197
184 233
184 290
184 307
184 331
184 363
184 462
184 471
185 203
185 251
185 277
185 282
185 296
185 323
185 337
185 345
185 357
185 496
186 247
186 253
186 277
186 368
186 376
186 420
186 426
186 466
186 492
187 301
187 382
187 383
187 454
188 216
188 227
188 232
188 283
188 300
188 321
188 338
188 393
188 394
188 396
188 431
189 196
189 248
189 313
189 334
189 403
189 430
190 204
190 242
190 310
190 314
190 433
190 456
191 226
191 227
191 232
191 244
191 393
191 394
191 396
191 458
192 249
192 278
192 333
192 383
192 410
192 416
192 497
193 228
193 248
193 250
193 313
193 334
193 351
193 374
193 404
194 197
194 233
194 290
194 307
194 331
194 363
194 462
194 471
195 215
195 219
195 273
195 335
195 346
195 371
195 459
195 485
195 486
196 248
196 261
196 313
196 379
196 403
196 430
196 483
197 305
197 307
197 331
197 363
197 373
197 462
197 471
198 211
198 235
198 254
198 269
198 294
198 299
198 355
198 359
198 380
198 408
198 443
199 241
199 246
199 289
199 292
199 356
199 361
199 389
199 419
199 427
199 487
200 261
200 280
200 319
200 379
200 403
200 483
200 489
201 208
201 233
201 287
201 336
201 363
201 369
202 260
202 301
202 316
202 333
202 353
202 387
202 405
202 416
202 446
202 447
203 323
203 337
203 357
203 453
203 496
204 240
204 242
204 310
204 314
204 391
204 400
204 456
204 475
205 292
205 389
205 445
205 487
206 225
206 247
206 368
206 376
206 385
206 436
206 448
206 461
206 467
206 472
207 267
207 278
207 333
207 410
208 233
208 287
208 302
208 336
208 363
208 462
208 484
208 499
209 220
209 252
209 268
209 293
209 340
209 457
210 274
210 292
210 311
210 322
210 356
210 358
210 389
210 435
210 439
210 445
211 235
211 254
211 269
211 355
211 373
211 380
212 235
212 254
212 263
212 269
212 294
212 359
212 408
212 459
213 218
213 251
213 296
213 305
213 307
213 345
213 466
213 496
214 236
214 237
214 245
214 256
214 288
214 343
214 390
214 415
214 432
214 451
214 474
214 476
215 245
215 273
215 335
215 346
215 378
215 485
215 486
216 283
216 298
216 310
216 431
216 433
217 229
217 231
217 315
217 371
217 424
217 441
217 453
217 468
217 482
217 486
218 230
218 281
218 290
218 307
218 436
219 263
219 273
219 335
219 346
219 359
219 459
219 485
220 268
220 293
220 340
220 446
221 306
221 318
221 354
221 392
221 422
221 473
222 226
223 264
223 266
223 309
223 360
223 399
223 413
224 320
224 325
224 326
224 349
224 401
224 452
225 230
225 275
225 281
225 318
225 436
225 448
225 467
226 227
226 232
226 244
226 283
226 393
226 394
226 396
227 232
227 244
227 283
227 393
227 394
227 396
227 458
228 250
228 280
228 306
228 308
228 374
228 379
228 384
228 404
228 421
228 425
228 428
229 231
229 243
229 362
229 424
229 468
229 482
229 495
230 275
230 281
230 290
230 318
230 351
230 436
230 448
230 498
231 315
231 342
231 424
231 441
231 453
231 468
231 480
231 482
232 244
232 300
232 393
232 394
232 396
232 458
232 479
233 331
233 334
233 363
233 462
233 471
234 291
234 311
234 317
234 350
234 358
234 439
234 478
235 254
235 263
235 269
235 294
235 355
235 359
235 380
235 408
235 443
236 237
236 256
236 276
236 297
236 343
236 388
236 390
236 415
236 432
236 440
236 442
236 451
236 457
237 256
237 297
237 343
237 388
237 390
237 415
237 432
237 442
237 457
237 476
238 321
238 324
238 328
238 338
238 342
238 365
238 409
238 479
238 480
239 241
239 258
239 288
239 375
239 390
239 395
239 419
239 427
239 429
239 474
239 487
239 491
240 286
240 314
240 391
240 400
240 411
241 246
241 288
241 289
241 361
241 419
241 427
241 429
241 437
241 487
241 488
242 310
242 370
242 456
242 475
243 362
243 370
243 377
243 493
243 495
244 300
244 393
244 394
244 396
244 458
245 335
245 346
245 415
245 437
245 451
245 488
246 259
246 289
246 292
246 322
246 356
246 361
246 389
246 487
247 253
247 368
247 376
247 385
247 420
247 426
247 472
247 492
248 313
248 334
248 379
248 403
248 430
249 329
249 348
249 410
249 470
249 497
250 354
250 374
250 384
250 404
250 421
250 422
250 425
250 498
251 296
251 305
251 345
251 373
251 496
252 256
252 258
252 268
252 375
252 390
252 474
252 476
253 277
253 368
253 376
253 397
253 420
253 426
253 466
253 492
254 263
254 269
254 294
254 355
254 359
254 380
254 408
254 443
255 267
255 284
255 316
255 341
255 388
255 402
255 440
255 442
255 449
255 450
255 457
256 268
256 293
256 343
256 388
256 390
256 415
256 432
256 457
256 474
256 476
257 332
257 344
257 366
257 397
257 458
257 492
258 375
258 390
258 395
258 474
258 476
258 491
259 272
259 289
259 295
259 322
259 356
259 361
259 364
259 377
259 378
259 406
259 460
259 493
260 279
260 353
260 387
260 405
260 446
260 447
261 319
261 403
261 483
261 489
262 270
262 286
262 352
262 386
262 398
262 400
262 418
262 423
262 475
263 294
263 347
263 359
263 408
263 443
263 459
264 266
264 271
264 309
264 360
264 399
264 413
265 317
265 367
265 414
265 490
265 494
266 413
267 278
267 284
267 333
267 410
267 449
268 293
268 340
268 388
268 457
269 294
269 355
269 359
269 373
269 380
269 408
270 274
270 352
270 367
270 386
270 414
270 418
270 423
270 494
271 285
271 309
271 360
271 399
272 274
272 322
272 356
272 364
272 377
272 406
272 460
272 493
273 335
273 346
273 371
273 459
273 485
273 486
274 322
274 352
274 356
274 414
274 435
274 439
274 460
275 281
275 318
275 351
275 354
275 436
275 448
275 498
276 297
276 341
276 343
276 347
276 415
276 432
276 440
276 442
276 451
277 282
277 337
277 409
277 466
278 333
278 410
278 416
278 497
279 353
279 447
280 319
280 379
280 384
280 428
280 483
280 489
281 290
281 318
281 351
281 436
281 498
282 323
282 337
282 357
282 409
283 321
283 326
283 393
283 396
283 431
284 297
284 316
284 341
284 402
284 440
284 442
284 449
284 450
285 309
286 398
286 400
286 418
286 423
286 475
287 302
287 336
287 339
287 369
287 438
287 484
288 289
288 361
288 419
288 427
288 429
288 437
288 488
288 491
289 356
289 361
289 378
289 389
289 427
289 437
289 487
289 488
290 307
290 331
290 351
290 471
290 498
291 311
291 350
291 358
291 439
291 478
292 356
292 358
292 389
292 445
292 487
293 340
293 388
293 402
293 405
293 442
293 446
293 457
294 355
294 359
294 380
294 408
294 443
295 361
295 362
295 377
295 378
295 406
295 495
296 345
296 466
296 496
297 341
297 343
297 388
297 402
297 415
297 432
297 440
297 442
297 450
297 451
297 457
298 310
298 431
298 433
298 456
299 355
299 380
299 434
299 443
299 464
299 465
300 321
300 324
300 328
300 338
300 366
300 393
300 394
300 396
300 431
300 458
300 479
301 353
301 382
301 383
301 387
301 416
301 447
301 454
302 336
302 339
302 438
302 464
302 484
302 499
303 332
303 413
304 312
304 327
304 329
304 348
304 407
304 417
304 455
304 463
305 307
305 345
305 373
306 308
306 354
306 392
306 421
306 422
306 425
307 331
307 373
307 471
308 354
308 421
308 422
308 425
309 360
309 399
310 314
310 320
310 433
310 456
311 350
311 358
311 435
311 439
311 445
311 478
312 330
312 407
312 417
312 438
312 444
312 455
312 463
312 481
313 334
313 430
314 320
314 391
314 401
314 411
315 342
315 372
315 412
315 424
315 441
315 468
315 480
315 482
316 333
316 353
316 387
316 405
316 416
316 446
316 449
316 450
317 350
317 367
317 414
317 478
317 490
317 494
318 354
318 392
318 422
318 436
318 448
318 498
319 379
319 403
319 428
319 483
319 489
320 325
320 349
320 391
320 401
320 411
320 452
321 324
321 328
321 338
321 393
321 396
321 431
321 479
322 356
322 364
322 389
322 435
322 439
322 460
323 337
323 357
323 441
323 453
323 496
324 328
324 338
324 365
324 397
324 409
324 479
325 326
325 349
325 401
325 452
326 349
326 452
327 434
327 455
327 463
327 465
328 338
328 365
328 366
328 393
328 479
329 348
329 407
329 417
329 470
330 438
330 444
330 481
331 363
331 462
331 471
332 344
332 385
332 472
333 387
333 410
333 416
333 497
334 430
335 346
335 451
335 485
335 486
336 339
336 363
336 462
336 464
336 484
336 499
337 357
337 409
337 496
338 365
338 366
338 393
338 396
338 431
338 458
338 479
339 438
339 464
339 484
339 499
340 388
340 402
340 405
340 446
340 457
341 343
341 388
341 402
341 415
341 432
341 440
341 442
341 449
341 450
341 457
342 372
342 412
342 424
342 441
342 480
343 388
343 402
343 415
343 432
343 440
343 442
343 451
343 457
344 366
344 458
345 373
345 496
346 451
346 459
346 485
346 486
347 443
348 470
348 497
349 401
349 452
350 358
350 439
350 478
351 404
351 498
352 367
352 386
352 414
352 435
352 494
353 387
353 405
353 416
353 446
353 447
354 392
354 421
354 422
354 425
355 380
355 408
355 464
355 465
356 364
356 389
356 435
356 445
356 460
357 441
357 453
357 496
358 435
358 439
358 445
358 478
359 408
359 459
360 399
361 378
361 406
361 437
361 488
362 377
362 378
362 406
362 493
362 495
363 462
363 471
363 499
364 377
364 406
364 460
364 493
365 366
365 397
365 409
365 479
366 397
366 458
366 479
367 381
367 386
367 414
367 490
367 494
368 376
368 420
368 426
368 466
368 492
370 377
370 418
370 475
370 493
371 441
371 453
371 459
371 468
371 482
371 485
371 486
372 412
372 424
372 433
372 456
372 480
373 496
374 379
374 384
374 404
374 421
374 425
374 428
375 390
375 395
375 429
375 474
375 476
375 491
376 420
376 426
376 436
376 466
376 492
377 406
377 460
377 493
377 495
378 406
378 437
378 488
378 495
379 384
379 428
379 483
379 489
380 408
380 465
381 398
381 423
381 494
382 383
382 454
383 454
383 497
384 421
384 425
384 428
384 489
385 461
385 467
385 469
385 472
386 398
386 414
386 418
386 423
386 475
386 494
387 405
387 416
387 446
387 447
388 402
388 415
388 432
388 440
388 442
388 450
388 457
389 445
389 487
390 474
390 476
390 491
391 401
391 411
392 422
393 394
393 396
393 431
393 458
393 479
394 396
394 458
394 479
395 419
395 427
395 429
395 474
395 491
396 431
396 458
396 479
397 420
397 426
397 492
398 400
398 418
398 423
398 475
398 494
400 418
400 423
400 475
401 411
401 452
402 415
402 432
402 440
402 442
402 449
402 450
402 457
403 430
403 483
404 421
404 425
404 498
405 446
405 450
406 493
406 495
407 417
407 455
407 463
408 443
410 416
410 497
412 424
412 433
412 456
412 480
414 490
414 494
415 432
415 440
415 442
415 451
417 455
417 463
418 423
418 475
419 427
419 429
419 487
419 491
420 426
420 492
421 422
421 425
422 425
423 475
423 494
424 441
424 468
424 480
424 482
425 428
426 492
427 429
427 487
427 491
428 489
429 474
429 487
429 491
432 440
432 442
432 451
432 457
433 456
434 464
434 465
435 439
435 445
435 478
436 448
437 488
438 444
438 481
438 484
439 445
439 478
440 442
440 449
440 450
440 457
441 453
441 468
441 480
441 482
442 449
442 450
442 457
444 481
447 454
448 467
449 450
450 457
455 463
458 479
459 485
460 493
461 467
461 469
461 472
461 473
462 471
462 499
464 465
464 484
464 499
467 469
467 472
467 473
468 482
469 472
469 473
470 497
474 476
474 491
483 489
484 499
485 486
486 495
490 494
493 495

